3722067319 3568864729 46052123
761939125 1263883488 182519766
3952597071 3400791743 168072986
1928058 204065059 218803536
1797120632 863951513 248903371
3409129274 3614916852 109595510
0 1261955430 1928058
3854871689 2940386871 97725382
3518724784 3898809601 159455982
220731594 1446403254 100124613
944458891 1813379640 207908225
3194065032 4058265583 117770911
3059317673 3222157831 134747359
3678180766 3356905190 43886553
3375153977 3124864500 33975297
2940386871 4176036494 118930802
1152367116 2021287865 24736138
3311835943 3158839797 63318034
320856207 422868595 441082918
1593055573 0 204065059
4120670057 3724512362 174297239
1177103254 1112854884 149100546
1326203800 1546527867 266851773
3768119442 3038112253 86752247